   0.000000E+00 -0.9909776226E+00  0.0000000000E+00  0.3165910107E-03 -0.0000000000E+00  0.6185835636E-02  0.0000000000E+00
   0.100000E+00 -0.9909657002E+00  0.6135221661E-03  0.3084636929E-03  0.2398570430E-03  0.6034419324E-02 -0.1616166602E-03
   0.200000E+00 -0.9909291369E+00  0.1197176629E-02  0.2846298112E-03  0.4948378764E-03  0.5592523667E-02 -0.3124311221E-03
   0.300000E+00 -0.9908659953E+00  0.1723459129E-02  0.2466422231E-03  0.7714804735E-03  0.4894061741E-02 -0.4434010275E-03
   0.400000E+00 -0.9907743196E+00  0.2169026575E-02  0.1968218116E-03  0.1063346016E-02  0.3986910208E-02 -0.5483061007E-03
   0.500000E+00 -0.9906534232E+00  0.2515674732E-02  0.1379612791E-03  0.1352052231E-02  0.2924753964E-02 -0.6238848158E-03
   0.600000E+00 -0.9905048681E+00  0.2750604918E-02  0.7305184768E-04  0.1611938939E-02  0.1761327715E-02 -0.6693090213E-03
   0.700000E+00 -0.9903329109E+00  0.2866271608E-02  0.5077380291E-05  0.1815668403E-02  0.5477330563E-03 -0.6854287991E-03
   0.800000E+00 -0.9901444240E+00  0.2860080536E-02 -0.6311850578E-04  0.1938924397E-02 -0.6680841971E-03 -0.6741039980E-03
   0.900000E+00 -0.9899484212E+00  0.2734088193E-02 -0.1289087376E-03  0.1963596942E-02 -0.1840980216E-02 -0.6377483239E-03
   0.100000E+01 -0.9897553371E+00  0.2494739136E-02 -0.1899242134E-03  0.1879589607E-02 -0.2928326390E-02 -0.5790804093E-03
   0.110000E+01 -0.9895761792E+00  0.2152607411E-02 -0.2440782898E-03  0.1685600730E-02 -0.3890257252E-02 -0.5010226665E-03
   0.120000E+01 -0.9894216415E+00  0.1722080897E-02 -0.2895857843E-03  0.1389152749E-02 -0.4690559398E-02 -0.4066826250E-03
   0.130000E+01 -0.9893012469E+00  0.1220929041E-02 -0.3249819644E-03  0.1005996133E-02 -0.5298081016E-02 -0.2993638618E-03
   0.140000E+01 -0.9892225790E+00  0.6697139586E-03 -0.3491425219E-03  0.5589150917E-03 -0.5688404238E-02 -0.1825700969E-03
   0.150000E+01 -0.9891906633E+00  0.9103486574E-04 -0.3613027109E-03  0.7595159703E-04 -0.5845447688E-02 -0.5998233483E-04
   0.160000E+01 -0.9892075510E+00 -0.4913699035E-03 -0.3610725998E-03 -0.4118677673E-03 -0.5762658958E-02  0.6459555086E-04
   0.170000E+01 -0.9892721486E+00 -0.1053607967E-02 -0.3484456283E-03 -0.8731147486E-03 -0.5443529898E-02  0.1873138723E-03
   0.180000E+01 -0.9893803095E+00 -0.1572629914E-02 -0.3237990533E-03 -0.1278585136E-02 -0.4901315515E-02  0.3043588962E-03
   0.190000E+01 -0.9895251793E+00 -0.2027160355E-02 -0.2878868256E-03 -0.1603688419E-02 -0.4158021606E-02  0.4120194129E-03
   0.200000E+01 -0.9896977581E+00 -0.2398500188E-02 -0.2418272047E-03 -0.1830385353E-02 -0.3242890481E-02  0.5067238146E-03
   0.210000E+01 -0.9898876292E+00 -0.2671165788E-02 -0.1870883149E-03 -0.1948559509E-02 -0.2190711802E-02  0.5850449338E-03
   0.220000E+01 -0.9900837954E+00 -0.2833364951E-02 -0.1254743893E-03 -0.1956793214E-02 -0.1040301280E-02  0.6436847939E-03
   0.230000E+01 -0.9902755621E+00 -0.2877341447E-02 -0.5911341717E-04 -0.1862534312E-02  0.1665658055E-03  0.6794680770E-03
   0.240000E+01 -0.9904534041E+00 -0.2799643419E-02  0.9556868326E-05 -0.1681566173E-02  0.1385596094E-02  0.6893912203E-03
   0.250000E+01 -0.9906097356E+00 -0.2601378990E-02  0.7781332674E-04 -0.1436551907E-02  0.2569818441E-02  0.6707917994E-03
   0.260000E+01 -0.9907394734E+00 -0.2288505439E-02  0.1426977522E-03 -0.1154306004E-02  0.3669163028E-02  0.6217107127E-03
   0.270000E+01 -0.9908402524E+00 -0.1872142561E-02  0.2011152602E-03 -0.8615429493E-03  0.4630572748E-02  0.5414931514E-03
   0.280000E+01 -0.9909121490E+00 -0.1368798223E-02  0.2500032136E-03 -0.5794209559E-03  0.5399871471E-02  0.4315768346E-03
   0.290000E+01 -0.9909568528E+00 -0.8002683860E-03  0.2865794932E-03 -0.3183234695E-03  0.5926539308E-02  0.2962339046E-03
   0.300000E+01 -0.9909764331E+00 -0.1929079295E-03  0.3086456323E-03 -0.7543614738E-04  0.6171343724E-02  0.1428481468E-03
   0.310000E+01 -0.9909721066E+00  0.4239189765E-03  0.3148767114E-03  0.1625561206E-03  0.6114546352E-02 -0.1867351973E-04
   0.320000E+01 -0.9909435390E+00  0.1020076367E-02  0.3050057013E-03  0.4118131383E-03  0.5760795669E-02 -0.1773806017E-03
   0.330000E+01 -0.9908890245E+00  0.1567088482E-02  0.2798352569E-03  0.6822231892E-03  0.5137915924E-02 -0.3231266788E-03
   0.340000E+01 -0.9908064532E+00  0.2040160103E-02  0.2410787205E-03  0.9714227320E-03  0.4290317748E-02 -0.4480202199E-03
   0.350000E+01 -0.9906946087E+00  0.2419413911E-02  0.1910975886E-03  0.1264255003E-02  0.3270613187E-02 -0.5470117429E-03
   0.360000E+01 -0.9905542807E+00  0.2690353013E-02  0.1326226925E-03  0.1536624150E-02  0.2132937511E-02 -0.6176802082E-03
   0.370000E+01 -0.9903888833E+00  0.2843808326E-02  0.6852129470E-04  0.1761075135E-02  0.9293603518E-03 -0.6595992763E-03
   0.380000E+01 -0.9902045262E+00  0.2875663196E-02  0.1632458095E-05  0.1911894717E-02 -0.2911712669E-03 -0.6736550178E-03
   0.390000E+01 -0.9900096443E+00  0.2786545790E-02 -0.6533612581E-04  0.1968774536E-02 -0.1482634485E-02 -0.6615178565E-03
   0.400000E+01 -0.9898143359E+00  0.2581557044E-02 -0.1298686409E-03  0.1919008270E-02 -0.2601559937E-02 -0.6253160283E-03
   0.410000E+01 -0.9896295422E+00  0.2270017044E-02 -0.1896777747E-03  0.1758552717E-02 -0.3607096469E-02 -0.5674754525E-03
   0.420000E+01 -0.9894661626E+00  0.1865173473E-02 -0.2427311880E-03  0.1492266805E-02 -0.4461713087E-02 -0.4906666524E-03
   0.430000E+01 -0.9893341800E+00  0.1383809802E-02 -0.2872756739E-03  0.1133498866E-02 -0.5132475782E-02 -0.3978033712E-03
   0.440000E+01 -0.9892418580E+00  0.8457058732E-03 -0.3218619422E-03  0.7030710909E-03 -0.5592676011E-02 -0.2920506729E-03
   0.450000E+01 -0.9891950690E+00  0.2729310260E-03 -0.3453694897E-03  0.2276716629E-03 -0.5823493970E-02 -0.1768152639E-03
   0.460000E+01 -0.9891968104E+00 -0.3110163242E-03 -0.3570290455E-03 -0.2622872005E-03 -0.5815349938E-02 -0.5570592589E-04
   0.470000E+01 -0.9892469562E+00 -0.8821757809E-03 -0.3564396099E-03 -0.7351885283E-03 -0.5568645017E-02  0.6753357460E-04
   0.480000E+01 -0.9893422693E+00 -0.1417127798E-02 -0.3435779538E-03 -0.1160857689E-02 -0.5093720884E-02  0.1891051506E-03
   0.490000E+01 -0.9894766719E+00 -0.1893953025E-02 -0.3188001901E-03 -0.1513052852E-02 -0.4410047572E-02  0.3052309122E-03
   0.500000E+01 -0.9896417483E+00 -0.2293078955E-02 -0.2828369764E-03 -0.1771557037E-02 -0.3544824971E-02  0.4122035689E-03
   0.510000E+01 -0.9898274292E+00 -0.2597969885E-02 -0.2367853219E-03 -0.1923726347E-02 -0.2531304830E-02  0.5064034099E-03
   0.520000E+01 -0.9900228019E+00 -0.2795649622E-02 -0.1821002625E-03 -0.1965445344E-02 -0.1407180280E-02  0.5842858861E-03
   0.530000E+01 -0.9902169859E+00 -0.2877079785E-02 -0.1205884835E-03 -0.1901481401E-02 -0.2133539861E-03  0.6423598911E-03
   0.540000E+01 -0.9904000120E+00 -0.2837443309E-02 -0.5440305877E-04 -0.1745183119E-02  0.1006701910E-02  0.6771952280E-03
   0.550000E+01 -0.9905636318E+00 -0.2676396437E-02  0.1396638548E-04 -0.1517340619E-02  0.2206946841E-02  0.6855181750E-03
   0.560000E+01 -0.9907019579E+00 -0.2398344651E-02  0.8172060633E-04 -0.1243884528E-02  0.3338359872E-02  0.6644713751E-03
   0.570000E+01 -0.9908118021E+00 -0.2012755726E-02  0.1458150292E-03 -0.9521038756E-03  0.4348757632E-02  0.6121103067E-03
   0.580000E+01 -0.9908925606E+00 -0.1534434501E-02  0.2030864686E-03 -0.6654616215E-03  0.5183960181E-02  0.5281477933E-03
   0.590000E+01 -0.9909455508E+00 -0.9835592115E-03  0.2504617272E-03 -0.3980623918E-03  0.5791578318E-02  0.4148062996E-03
   0.600000E+01 -0.9909728672E+00 -0.3851816118E-03  0.2852429312E-03 -0.1510643396E-03  0.6127891023E-02  0.2774256821E-03
   0.610000E+01 -0.9909760904E+00  0.2320609057E-03  0.3054219104E-03  0.8633149675E-04  0.6166266783E-02  0.1243650754E-03
   0.620000E+01 -0.9909553710E+00  0.8380064597E-03  0.3099372625E-03  0.3304952689E-03  0.5903518687E-02 -0.3404818464E-04
   0.630000E+01 -0.9909093283E+00  0.1403407695E-02  0.2987878586E-03  0.5941616419E-03  0.5360709300E-02 -0.1872453068E-03
   0.640000E+01 -0.9908358155E+00  0.1902137751E-02  0.2729688500E-03  0.8790606994E-03  0.4577937370E-02 -0.3261088449E-03
   0.650000E+01 -0.9907331803E+00  0.2312688858E-02  0.2342685768E-03  0.1173674134E-02  0.3606073154E-02 -0.4439879285E-03
   0.660000E+01 -0.9906014843E+00  0.2618856869E-02  0.1850071552E-03  0.1456009561E-02  0.2499289917E-02 -0.5368647020E-03
   0.670000E+01 -0.9904432919E+00  0.2809817084E-02  0.1277910297E-03  0.1698955601E-02  0.1310508509E-02 -0.6029320550E-03
   0.680000E+01 -0.9902639048E+00  0.2879893806E-02  0.6532299544E-04  0.1875707767E-02  0.8968177996E-04 -0.6419650335E-03
   0.690000E+01 -0.9900711098E+00  0.2828252365E-02  0.2734266123E-06  0.1963919836E-02 -0.1116263248E-02 -0.6547560156E-03
   0.700000E+01 -0.9898745904E+00  0.2658616647E-02 -0.6480027389E-04  0.1948330052E-02 -0.2263025066E-02 -0.6427219348E-03
   0.710000E+01 -0.9896851406E+00  0.2379016002E-02 -0.1275038095E-03  0.1822136246E-02 -0.3308825902E-02 -0.6076833393E-03
   0.720000E+01 -0.9895137889E+00  0.2001512909E-02 -0.1856407899E-03  0.1587463457E-02 -0.4214920237E-02 -0.5517696590E-03
   0.730000E+01 -0.9893709117E+00  0.1541848132E-02 -0.2372421308E-03  0.1255141428E-02 -0.4946719146E-02 -0.4773974633E-03
   0.740000E+01 -0.9892653994E+00  0.1018949676E-02 -0.2805949889E-03  0.8438705975E-03 -0.5475348007E-02 -0.3872763505E-03
   0.750000E+01 -0.9892039362E+00  0.4542763137E-03 -0.3142722404E-03  0.3787887452E-03 -0.5779342114E-02 -0.2844095401E-03
   0.760000E+01 -0.9891904517E+00 -0.1290009472E-03 -0.3371608979E-03 -0.1105255486E-03 -0.5846133719E-02 -0.1720700751E-03
   0.770000E+01 -0.9892257956E+00 -0.7069418675E-03 -0.3484866717E-03 -0.5924873932E-03 -0.5673006958E-02 -0.5374788601E-04
   0.780000E+01 -0.9893076690E+00 -0.1255839155E-02 -0.3478320837E-03 -0.1036151345E-02 -0.5267302850E-02  0.6692390847E-04
   0.790000E+01 -0.9894308187E+00 -0.1753200847E-02 -0.3351468749E-03 -0.1413784996E-02 -0.4645826224E-02  0.1862461152E-03
   0.800000E+01 -0.9895874742E+00 -0.2178638473E-02 -0.3107513568E-03 -0.1703106917E-02 -0.3833591007E-02  0.3005144218E-03
   0.810000E+01 -0.9897679835E+00 -0.2514607892E-02 -0.2753351184E-03 -0.1889011141E-02 -0.2862183135E-02  0.4060497028E-03
   0.820000E+01 -0.9899615928E+00 -0.2746981624E-02 -0.2299544400E-03 -0.1964703949E-02 -0.1768085933E-02  0.4991940633E-03
   0.830000E+01 -0.9901573093E+00 -0.2865465846E-02 -0.1760314276E-03 -0.1932241982E-02 -0.5912982677E-03  0.5762836359E-03
   0.840000E+01 -0.9903447877E+00 -0.2863904766E-02 -0.1153559179E-03 -0.1802442089E-02  0.6255040741E-03  0.6336267395E-03
   0.850000E+01 -0.9905151703E+00 -0.2740533603E-02 -0.5008733002E-04 -0.1594026347E-02  0.1837155414E-02  0.6675370007E-03
   0.860000E+01 -0.9906617932E+00 -0.2498241525E-02  0.1725246745E-04 -0.1331715867E-02  0.2995661499E-02  0.6744936108E-03
   0.870000E+01 -0.9907806329E+00 -0.2144875899E-02  0.8381222486E-04 -0.1042921120E-02  0.4049833699E-02  0.6515135287E-03
   0.880000E+01 -0.9908703461E+00 -0.1693545549E-02  0.1464949081E-03 -0.7529238756E-03  0.4945877464E-02  0.5967934963E-03
   0.890000E+01 -0.9909317758E+00 -0.1162763086E-02  0.2021175782E-03 -0.4792452954E-03  0.5630236844E-02  0.5105705152E-03
   0.900000E+01 -0.9909669295E+00 -0.5761489012E-03  0.2476586368E-03 -0.2271417886E-03  0.6055559360E-02  0.3959470719E-03
   0.910000E+01 -0.9909776777E+00  0.3859304770E-04  0.2805676153E-03  0.1104255454E-04  0.6188960865E-02  0.2592351858E-03
   0.920000E+01 -0.9909646601E+00  0.6515190568E-03  0.2990673649E-03  0.2510248420E-03  0.6019487407E-02  0.1094174102E-03
   0.930000E+01 -0.9909269039E+00  0.1232829172E-02  0.3023561882E-03  0.5077448594E-03  0.5560897597E-02 -0.4326563709E-04
   0.940000E+01 -0.9908623477E+00  0.1755211353E-02  0.2906460314E-03  0.7869054201E-03  0.4848139158E-02 -0.1890597719E-03
   0.950000E+01 -0.9907690122E+00  0.2195591869E-02  0.2650403363E-03  0.1080976926E-02  0.3929594280E-02 -0.3200543119E-03
   0.960000E+01 -0.9906462918E+00  0.2536063242E-02  0.2273142340E-03  0.1370628659E-02  0.2859021923E-02 -0.4307544721E-03
   0.970000E+01 -0.9904959074E+00  0.2764118406E-02  0.1796749192E-03  0.1629614429E-02  0.1690017253E-02 -0.5179499431E-03
   0.980000E+01 -0.9903223127E+00  0.2872487053E-02  0.1245565788E-03  0.1830407189E-02  0.4735176903E-03 -0.5802159575E-03
   0.990000E+01 -0.9901325790E+00  0.2858836845E-02  0.6446997820E-04  0.1948829771E-02 -0.7426248343E-03 -0.6173603069E-03
   0.100000E+02 -0.9899358928E+00  0.2725480961E-02  0.1902348641E-05  0.1967146991E-02 -0.1913281363E-02 -0.6299864591E-03
   0.101000E+02 -0.9897428152E+00  0.2479121431E-02 -0.6074704025E-04  0.1875793762E-02 -0.2995802534E-02 -0.6192166653E-03
   0.102000E+02 -0.9895644221E+00  0.2130590971E-02 -0.1212107828E-03  0.1674095795E-02 -0.3950330942E-02 -0.5865516202E-03
   0.103000E+02 -0.9894114103E+00  0.1694531157E-02 -0.1773881575E-03  0.1370247870E-02 -0.4740754437E-02 -0.5338212059E-03
   0.104000E+02 -0.9892932382E+00  0.1188948169E-02 -0.2273776673E-03  0.9806655803E-03 -0.5336165864E-02 -0.4631812335E-03
   0.105000E+02 -0.9892173613E+00  0.6346080296E-03 -0.2695099904E-03  0.5287328106E-03 -0.5712561053E-02 -0.3771197353E-03
   0.106000E+02 -0.9891886226E+00  0.5426413568E-04 -0.3023809480E-03  0.4296442059E-04 -0.5854435621E-02 -0.2784479212E-03
   0.107000E+02 -0.9892088525E+00 -0.5282553912E-03 -0.3248822543E-03 -0.4453218035E-03 -0.5755939268E-02 -0.1702640696E-03
   0.108000E+02 -0.9892767181E+00 -0.1089042266E-02 -0.3362273240E-03 -0.9046248640E-03 -0.5421327309E-02 -0.5589212063E-04
   0.109000E+02 -0.9893878377E+00 -0.1605107451E-02 -0.3359701810E-03 -0.1305896589E-02 -0.4864604148E-02  0.6119202247E-04
   0.110000E+02 -0.9895351481E+00 -0.2055307182E-02 -0.3240171642E-03 -0.1624914162E-02 -0.4108440908E-02  0.1774275607E-03
   0.111000E+02 -0.9897094864E+00 -0.2421134122E-02 -0.3006330241E-03 -0.1844179341E-02 -0.3182611274E-02  0.2892114411E-03
   0.112000E+02 -0.9899003340E+00 -0.2687341838E-02 -0.2664444432E-03 -0.1954240104E-02 -0.2122281030E-02  0.3929064273E-03
   0.113000E+02 -0.9900966615E+00 -0.2842405410E-02 -0.2224444476E-03 -0.1954412699E-02 -0.9664954836E-03  0.4848168328E-03
   0.114000E+02 -0.9902878174E+00 -0.2878852874E-02 -0.1700001803E-03 -0.1852891593E-02  0.2428525824E-03  0.5611500902E-03
   0.115000E+02 -0.9904643916E+00 -0.2793524885E-02 -0.1108637313E-03 -0.1666152710E-02  0.1461413145E-02  0.6180023088E-03
   0.116000E+02 -0.9906189765E+00 -0.2587826957E-02 -0.4718071744E-04 -0.1417408512E-02  0.2642166301E-02  0.6514303309E-03
   0.117000E+02 -0.9907467102E+00 -0.2268019652E-02  0.1851617279E-04 -0.1133759945E-02  0.3734972038E-02  0.6576958426E-03
   0.118000E+02 -0.9908454586E+00 -0.1845533234E-02  0.8335035761E-04 -0.8418098327E-03  0.4686711603E-02  0.6337674886E-03
   0.119000E+02 -0.9909154936E+00 -0.1337187199E-02  0.1442090993E-03 -0.5621163993E-03  0.5443274790E-02  0.5781031001E-03
   0.120000E+02 -0.9909586178E+00 -0.7650683497E-03  0.1979384381E-03 -0.3040332767E-03  0.5954524959E-02  0.4915686037E-03
   0.121000E+02 -0.9909768997E+00 -0.1557612249E-03  0.2416222642E-03 -0.6357193270E-04  0.6182083794E-02  0.3781240612E-03
   0.122000E+02 -0.9909714492E+00  0.4612487893E-03  0.2728983491E-03  0.1734553510E-03  0.6107498892E-02  0.2448061770E-03
   0.123000E+02 -0.9909417693E+00  0.1055843377E-02  0.2902259019E-03  0.4234149085E-03  0.5736845517E-02  0.1007780482E-03
   0.124000E+02 -0.9908860074E+00  0.1599697507E-02  0.2930215190E-03  0.6956921848E-03  0.5099122508E-02 -0.4425987750E-04
   0.125000E+02 -0.9908019818E+00  0.2068260126E-02  0.2816320198E-03  0.9869963587E-03  0.4239414946E-02 -0.1816237087E-03
   0.126000E+02 -0.9906885012E+00  0.2441940070E-02  0.2571789878E-03  0.1281213260E-02  0.3210521855E-02 -0.3045959469E-03
   0.127000E+02 -0.9905464655E+00  0.2706528501E-02  0.2213459122E-03  0.1553541639E-02  0.2066467027E-02 -0.4086393042E-03
   0.128000E+02 -0.9903794519E+00  0.2853127304E-02  0.1761719859E-03  0.1776173644E-02  0.8591201013E-03 -0.4911035163E-03
   0.129000E+02 -0.9901937518E+00  0.2877872364E-02  0.1238870586E-03  0.1923368596E-02 -0.3627261494E-03 -0.5507436052E-03
   0.130000E+02 -0.9899979711E+00  0.2781633378E-02  0.6679433328E-04  0.1975040695E-02 -0.1553114046E-02 -0.5872723491E-03
   0.131000E+02 -0.9898023479E+00  0.2569750038E-02  0.7191767109E-05  0.1918882337E-02 -0.2668571562E-02 -0.6010404179E-03
   0.132000E+02 -0.9896179166E+00  0.2251782663E-02 -0.5268143508E-04  0.1751367940E-02 -0.3668231157E-02 -0.5928511414E-03
   0.133000E+02 -0.9894556140E+00  0.1841218834E-02 -0.1106852969E-03  0.1477947505E-02 -0.4514595353E-02 -0.5638785531E-03
   0.134000E+02 -0.9893254000E+00  0.1355073619E-02 -0.1648148183E-03  0.1112589867E-02 -0.5174871119E-02 -0.5156480819E-03
   0.135000E+02 -0.9892354531E+00  0.8133372175E-03 -0.2132353459E-03  0.6767169131E-03 -0.5622638397E-02 -0.4500426916E-03
   0.136000E+02 -0.9891915042E+00  0.2382524043E-03 -0.2543185838E-03  0.1975384976E-03 -0.5839527164E-02 -0.3693056223E-03
   0.137000E+02 -0.9891963635E+00 -0.3465614309E-03 -0.2866779154E-03 -0.2941473292E-03 -0.5816551664E-02 -0.2760218814E-03
   0.138000E+02 -0.9892496880E+00 -0.9170877093E-03 -0.3092005399E-03 -0.7665211441E-03 -0.5554805238E-02 -0.1730733014E-03
   0.139000E+02 -0.9893480137E+00 -0.1449922168E-02 -0.3210740474E-03 -0.1189416177E-02 -0.5065354934E-02 -0.6357431187E-04
   0.140000E+02 -0.9894850476E+00 -0.1923232018E-02 -0.3218062520E-03 -0.1536810055E-02 -0.4368359830E-02  0.4919553876E-04
   0.141000E+02 -0.9896521901E+00 -0.2317595881E-02 -0.3112389074E-03 -0.1788894669E-02 -0.3491614094E-02  0.1618434405E-03
   0.142000E+02 -0.9898392371E+00 -0.2616682263E-02 -0.2895576754E-03 -0.1933586220E-02 -0.2468832851E-02  0.2708845519E-03
   0.143000E+02 -0.9900352025E+00 -0.2807758477E-02 -0.2573017864E-03 -0.1967434425E-02 -0.1338032738E-02  0.3727269950E-03
   0.144000E+02 -0.9902292024E+00 -0.2882055626E-02 -0.2153767483E-03 -0.1895926480E-02 -0.1403171534E-03  0.4636285770E-03
   0.145000E+02 -0.9904113365E+00 -0.2835041557E-02 -0.1650718083E-03 -0.1733127237E-02  0.1080726503E-02  0.5396510682E-03
   0.146000E+02 -0.9905734933E+00 -0.2666666612E-02 -0.1080801664E-03 -0.1500462883E-02  0.2278981576E-02  0.5966614092E-03
   0.147000E+02 -0.9907099782E+00 -0.2381637629E-02 -0.4651361409E-04 -0.1224313370E-02  0.3405354423E-02  0.6304571184E-03
   0.148000E+02 -0.9908178251E+00 -0.1989730890E-02  0.1710560406E-04 -0.9320959459E-03  0.4407597597E-02  0.6371126860E-03
   0.149000E+02 -0.9908966445E+00 -0.1506062764E-02  0.7990199896E-04 -0.6469569468E-03  0.5231555358E-02  0.6136208572E-03
   0.150000E+02 -0.9909479118E+00 -0.9511097818E-03  0.1387820264E-03 -0.3822139519E-03  0.5825109870E-02  0.5587887037E-03
   0.151000E+02 -0.9909737836E+00 -0.3501751482E-03  0.1906620065E-03 -0.1379396461E-03  0.6145227612E-02  0.4741332854E-03
   0.152000E+02 -0.9909757944E+00  0.2679443109E-03  0.2327670423E-03  0.9767303261E-04  0.6166417271E-02  0.3643237416E-03
   0.153000E+02 -0.9909539695E+00  0.8730564712E-03  0.2629336515E-03  0.3415160055E-03  0.5886882311E-02  0.2367725112E-03
   0.154000E+02 -0.9909067838E+00  0.1436019994E-02  0.2798274007E-03  0.6061731505E-03  0.5328955690E-02  0.1003933852E-03
   0.155000E+02 -0.9908319904E+00  0.1930921254E-02  0.2830146738E-03  0.8926967351E-03  0.4533575001E-02 -0.3596166074E-04
   0.156000E+02 -0.9907279165E+00  0.2336523674E-02  0.2728897491E-03  0.1188704542E-02  0.3551938974E-02 -0.1647412718E-03
   0.157000E+02 -0.9905946857E+00  0.2636906738E-02  0.2505102545E-03  0.1471464480E-02  0.2438174718E-02 -0.2802688303E-03
   0.158000E+02 -0.9904349851E+00  0.2821514856E-02  0.2174068726E-03  0.1713406691E-02  0.1244992580E-02 -0.3787201386E-03
   0.159000E+02 -0.9902542692E+00  0.2884919406E-02  0.1754138674E-03  0.1887566808E-02  0.2213559162E-04 -0.4577783170E-03
   0.160000E+02 -0.9900604814E+00  0.2826515465E-02  0.1265392527E-03  0.1971685117E-02 -0.1183599720E-02 -0.5162197816E-03
   0.161000E+02 -0.9898634431E+00  0.2650248057E-02  0.7287340736E-04  0.1950767941E-02 -0.2327957044E-02 -0.5535735670E-03
   0.162000E+02 -0.9896740526E+00  0.2364365967E-02  0.1652596739E-04  0.1818409866E-02 -0.3369155824E-02 -0.5698979631E-03
   0.163000E+02 -0.9895033986E+00  0.1981151489E-02 -0.4042049488E-04  0.1577221530E-02 -0.4268455701E-02 -0.5656638665E-03
   0.164000E+02 -0.9893618658E+00  0.1516561849E-02 -0.9594918601E-04  0.1238571770E-02 -0.4991338687E-02 -0.5417134965E-03
   0.165000E+02 -0.9892582983E+00  0.9897290719E-03 -0.1481459938E-03  0.8217138695E-03 -0.5509114742E-02 -0.4992598573E-03
   0.166000E+02 -0.9891992797E+00  0.4222905221E-03 -0.1952370778E-03  0.3523040761E-03 -0.5800645812E-02 -0.4398965418E-03
   0.167000E+02 -0.9891885911E+00 -0.1624441779E-03 -0.2356269818E-03 -0.1396487412E-03 -0.5853835020E-02 -0.3655954559E-03
   0.168000E+02 -0.9892268974E+00 -0.7404494973E-03 -0.2679353774E-03 -0.6222685924E-03 -0.5666555552E-02 -0.2786807704E-03
   0.169000E+02 -0.9893116945E+00 -0.1287995685E-02 -0.2910299830E-03 -0.1064495921E-02 -0.5246806399E-02 -0.1817795226E-03
   0.170000E+02 -0.9894375221E+00 -0.1782635022E-02 -0.3040538059E-03 -0.1438678066E-02 -0.4612058007E-02 -0.7776006964E-04
   0.171000E+02 -0.9895964199E+00 -0.2204087715E-02 -0.3064463443E-03 -0.1722801465E-02 -0.3787938376E-02  0.3032403604E-04
   0.172000E+02 -0.9897785818E+00 -0.2534975182E-02 -0.2979602031E-03 -0.1902192042E-02 -0.2806551268E-02  0.1392670185E-03
   0.173000E+02 -0.9899731495E+00 -0.2761381428E-02 -0.2786761038E-03 -0.1970616511E-02 -0.1704778907E-02  0.2457087778E-03
   0.174000E+02 -0.9901690865E+00 -0.2873258014E-02 -0.2490199695E-03 -0.1930778735E-02 -0.5229013156E-03  0.3460963776E-03
   0.175000E+02 -0.9903560710E+00 -0.2864717601E-02 -0.2097851878E-03 -0.1794180970E-02  0.6962203359E-03  0.4366228030E-03
   0.176000E+02 -0.9905253367E+00 -0.2734279052E-02 -0.1621607977E-03 -0.1580205856E-02  0.1907295765E-02  0.5131776508E-03
   0.177000E+02 -0.9906703722E+00 -0.2485126056E-02 -0.1077615186E-03 -0.1314121011E-02  0.3062233375E-02  0.5713727753E-03
   0.178000E+02 -0.9907873507E+00 -0.2125409385E-02 -0.4864767399E-04 -0.1023648232E-02  0.4109766711E-02  0.6067363112E-03
   0.179000E+02 -0.9908751390E+00 -0.1668546327E-02  0.1268707429E-04 -0.7340119575E-03  0.4996092384E-02  0.6151775150E-03
   0.180000E+02 -0.9909347627E+00 -0.1133350481E-02  0.7339033175E-04 -0.4622261160E-03  0.5667839021E-02  0.5937651927E-03
   0.181000E+02 -0.9909683402E+00 -0.5437082369E-03  0.1304147388E-03 -0.2126590566E-03  0.6078194622E-02  0.5416912572E-03
   0.182000E+02 -0.9909777560E+00  0.7248659216E-04  0.1807729602E-03  0.2333973099E-04  0.6195257618E-02  0.4610537556E-03
   0.183000E+02 -0.9909635752E+00  0.6852169394E-03  0.2218419370E-03  0.2622002064E-03  0.6009382045E-02  0.3569885899E-03
   0.184000E+02 -0.9909247058E+00  0.1264743769E-02  0.2516361592E-03  0.5190165894E-03  0.5535641874E-02  0.2369184182E-03
   0.185000E+02 -0.9908589806E+00  0.1783933104E-02  0.2689707280E-03  0.7990964875E-03  0.4809965924E-02  0.1091837443E-03
   0.186000E+02 -0.9907643716E+00  0.2219962902E-02  0.2734815218E-03  0.1094217124E-02  0.3881221181E-02 -0.1834060117E-04
   0.187000E+02 -0.9906402957E+00  0.2555203048E-02  0.2655285362E-03  0.1384356936E-02  0.2803221191E-02 -0.1391439778E-03
   0.188000E+02 -0.9904885567E+00  0.2777415530E-02  0.2460403534E-03  0.1642774652E-02  0.1629374380E-02 -0.2483695151E-03
   0.189000E+02 -0.9903137280E+00  0.2879576200E-02  0.2163534646E-03  0.1841701705E-02  0.4103721513E-03 -0.3426694172E-03
   0.190000E+02 -0.9901230133E+00  0.2859576221E-02  0.1780771505E-03  0.1956946288E-02 -0.8061292161E-03 -0.4198769087E-03
   0.191000E+02 -0.9899257234E+00  0.2719936925E-02  0.1329923404E-03  0.1970932196E-02 -0.1975111391E-02 -0.4786763892E-03
   0.192000E+02 -0.9897325215E+00  0.2467561146E-02  0.8297969787E-04  0.1874379096E-02 -0.3053966965E-02 -0.5183559430E-03
   0.193000E+02 -0.9895545522E+00  0.2113479919E-02  0.2996747584E-04  0.1666988216E-02 -0.4002854548E-02 -0.5386584866E-03
   0.194000E+02 -0.9894025400E+00  0.1672530685E-02 -0.2411004173E-04  0.1357392965E-02 -0.4785703723E-02 -0.5397146771E-03
   0.195000E+02 -0.9892859253E+00  0.1162907965E-02 -0.7735031427E-04  0.9624817211E-03 -0.5371723453E-02 -0.5220293497E-03
   0.196000E+02 -0.9892120981E+00  0.6055492008E-03 -0.1279204152E-03  0.5061089153E-03 -0.5737136455E-02 -0.4864923860E-03
   0.197000E+02 -0.9891857906E+00  0.2335019817E-04 -0.1740961481E-03  0.1721326199E-04 -0.5866792499E-02 -0.4343891771E-03
   0.198000E+02 -0.9892086846E+00 -0.5597600710E-03 -0.2143014413E-03 -0.4725576653E-03 -0.5755314894E-02 -0.3673937019E-03
   0.199000E+02 -0.9892792719E+00 -0.1119824586E-02 -0.2471458660E-03 -0.9315086344E-03 -0.5407520791E-02 -0.2875378547E-03
   0.200000E+02 -0.9893929841E+00 -0.1633864226E-02 -0.2714580648E-03 -0.1330559842E-02 -0.4838017028E-02 -0.1971620044E-03
   0.201000E+02 -0.9895425767E+00 -0.2080805205E-02 -0.2863138551E-03 -0.1645627507E-02 -0.4070064993E-02 -0.9886078904E-04
   0.202000E+02 -0.9897187277E+00 -0.2442266610E-02 -0.2910594238E-03 -0.1859513077E-02 -0.3133970394E-02  0.4557822306E-05
   0.203000E+02 -0.9899107961E+00 -0.2703177369E-02 -0.2853317887E-03 -0.1963201592E-02 -0.2065342283E-02  0.1100840119E-03
   0.204000E+02 -0.9901076800E+00 -0.2852227277E-02 -0.2690800057E-03 -0.1956552219E-02 -0.9035696217E-03  0.2144790153E-03
   0.205000E+02 -0.9902987128E+00 -0.2882188743E-02 -0.2425909710E-03 -0.1848369910E-02  0.3092025700E-03  0.3142119857E-03
   0.206000E+02 -0.9904745321E+00 -0.2790168337E-02 -0.2065226006E-03 -0.1655759028E-02  0.1528441187E-02  0.4053807506E-03
   0.207000E+02 -0.9906278389E+00 -0.2577853444E-02 -0.1619439691E-03 -0.1402507602E-02  0.2706986526E-02  0.4836621611E-03
   0.208000E+02 -0.9907539304E+00 -0.2251798897E-02 -0.1103757543E-03 -0.1116138180E-02  0.3794591114E-02  0.5443719439E-03
   0.209000E+02 -0.9908508613E+00 -0.1823737331E-02 -0.5381469927E-04 -0.8233961472E-03  0.4738091777E-02  0.5827439577E-03
   0.210000E+02 -0.9909190877E+00 -0.1310788227E-02  0.5285174954E-05 -0.5445960240E-03  0.5483491717E-02  0.5945268925E-03
   0.211000E+02 -0.9909605516E+00 -0.7353131597E-03  0.6410719170E-04 -0.2884543355E-03  0.5981070150E-02  0.5768863398E-03
   0.212000E+02 -0.9909773841E+00 -0.1241096191E-03  0.1196633835E-03 -0.5012140619E-04  0.6193278315E-02  0.5293768240E-03
   0.213000E+02 -0.9909706732E+00  0.4932266839E-03  0.1690682904E-03  0.1853542483E-03  0.6102861033E-02  0.4545359382E-03
   0.214000E+02 -0.9909398421E+00  0.1086595389E-02  0.2098351650E-03  0.4346996659E-03  0.5717206629E-02  0.3576945094E-03
   0.215000E+02 -0.9908829475E+00  0.1627812175E-02  0.2401112085E-03  0.7071613636E-03  0.5066403158E-02  0.2459878695E-03
   0.216000E+02 -0.9907977503E+00  0.2092554146E-02  0.2587912455E-03  0.9989601484E-03  0.4196175542E-02  0.1270117595E-03
   0.217000E+02 -0.9906830576E+00  0.2461498613E-02  0.2655035767E-03  0.1293402526E-02  0.3159504680E-02  0.7691544981E-05
   0.218000E+02 -0.9905398209E+00  0.2720706403E-02  0.2605079893E-03  0.1565221478E-02  0.2010287649E-02 -0.1063228765E-03
   0.219000E+02 -0.9903717059E+00  0.2861528727E-02  0.2445594306E-03  0.1786343788E-02  0.8001417090E-03 -0.2107646331E-03
   0.220000E+02 -0.9901851090E+00  0.2880325079E-02  0.2187774956E-03  0.1930960214E-02 -0.4223863383E-03 -0.3025638443E-03
   0.221000E+02 -0.9899887396E+00  0.2778167299E-02  0.1845405349E-03  0.1979071857E-02 -0.1611517372E-02 -0.3795688146E-03
