0.000000000000	-1.000278875695	0.000000000000	0.000000000000	0.000000000000	0.103224385731	0.000000000000
0.000001109539	-1.000278875671	0.000000114531	0.000000000000	0.000042169649	0.103224377163	0.000000000000
0.000002219078	-1.000278875601	0.000000229063	0.000000000000	0.000084339292	0.103224351461	0.000000000000
0.000003328617	-1.000278875484	0.000000343594	0.000000000000	0.000126508920	0.103224308623	0.000000000000
0.000004438157	-1.000278875320	0.000000458126	0.000000000000	0.000168678528	0.103224248651	0.000000000000
0.000005547696	-1.000278875110	0.000000572657	0.000000000000	0.000210848108	0.103224171543	0.000000000000
0.000006657235	-1.000278874852	0.000000687188	0.000000000000	0.000253017654	0.103224077301	0.000000000000
0.000007766774	-1.000278874548	0.000000801719	0.000000000000	0.000295187159	0.103223965923	0.000000000000
0.000008876313	-1.000278874197	0.000000916250	0.000000000000	0.000337356615	0.103223837411	0.000000000000
0.000014424009	-1.000278871741	0.000001488902	0.000000000000	0.000548202933	0.103222937826	0.000000000000
0.000019971705	-1.000278868115	0.000002061548	0.000000000000	0.000759047012	0.103221609871	0.000000000000
0.000025519400	-1.000278863319	0.000002634186	0.000000000000	0.000969887993	0.103219853552	0.000000000000
0.000031067096	-1.000278857354	0.000003206812	0.000000000000	0.001180725014	0.103217668876	0.000000000000
0.000036614792	-1.000278850218	0.000003779426	0.000000000000	0.001391557214	0.103215055851	0.000000000000
0.000042162487	-1.000278841914	0.000004352023	0.000000000000	0.001602383732	0.103212014488	0.000000000000
0.000047710183	-1.000278832439	0.000004924602	0.000000000000	0.001813203709	0.103208544798	0.000000000000
0.000053257879	-1.000278821796	0.000005497161	0.000000000000	0.002024016283	0.103204646796	0.000000000000
0.000080996358	-1.000278751035	0.000008359567	0.000000000000	0.003077937984	0.103178732695	0.000000000000
0.000108734836	-1.000278651044	0.000011221105	0.000000000000	0.004131545522	0.103142113806	0.000000000000
0.000136473315	-1.000278521833	0.000014081478	0.000000000000	0.005184731351	0.103094793745	0.000000000000
0.000164211793	-1.000278363416	0.000016940391	0.000000000000	0.006237387964	0.103036777183	0.000000000000
0.000191950272	-1.000278175808	0.000019797546	0.000000000000	0.007289407903	0.102968069848	0.000000000000
0.000219688751	-1.000277959028	0.000022652648	0.000000000000	0.008340683767	0.102888678523	0.000000000000
0.000247427229	-1.000277713100	0.000025505398	0.000000000000	0.009391108226	0.102798611047	0.000000000000
0.000275165708	-1.000277438047	0.000028355503	0.000000000000	0.010440574025	0.102697876313	0.000000000000
0.000413858101	-1.000275627004	0.000042555988	0.000000000000	0.015669776347	0.102034578658	0.000000000000
0.000552550494	-1.000273093336	0.000056646101	0.000000000000	0.020858986300	0.101106538621	0.000000000000
0.000691242887	-1.000269843508	0.000070589274	0.000000000000	0.025994944490	0.099916048531	0.000000000000
0.000829935280	-1.000265885810	0.000084349299	0.000000000000	0.031064514855	0.098466050740	0.000000000000
0.000968627673	-1.000261230353	0.000097890425	0.000000000000	0.036054714470	0.096760132229	0.000000000000
0.001107320066	-1.000255889037	0.000111177447	0.000000000000	0.040952743810	0.094802517626	0.000000000000
0.001246012459	-1.000249875526	0.000124175787	0.000000000000	0.045746017079	0.092598060608	0.000000000000
0.001384704852	-1.000243205203	0.000136851581	0.000000000000	0.050422192231	0.090152233682	0.000000000000
0.001844731554	-1.000216622021	0.000176111142	0.000000000000	0.064963756721	0.080384929336	0.000000000000
0.002304758255	-1.000183736790	0.000210421958	0.000000000000	0.077651634267	0.068313673404	0.000000000000
0.002764784956	-1.000145495775	0.000238769188	0.000000000000	0.088124544668	0.054271528539	0.000000000000
0.003224811658	-1.000103019790	0.000260215503	0.000000000000	0.096096821064	0.038629729603	0.000000000000
0.003684838359	-1.000057517537	0.000274113289	0.000000000000	0.101325675892	0.021818970251	0.000000000000
0.004144865061	-1.000010266333	0.000280104320	0.000000000000	0.103642053412	0.004328767685	0.000000000000
0.004604891762	-0.999962613947	0.000278035034	0.000000000000	0.102980506382	-0.013317395103	0.000000000000
0.005064918463	-0.999915955217	0.000267915504	0.000000000000	0.099343534490	-0.030613450228	0.000000000000
0.005539305073	-0.999870412329	0.000249329570	0.000000000000	0.092526520537	-0.047606540471	0.000000000000
0.006013691684	-0.999828675100	0.000222996397	0.000000000000	0.082830682822	-0.063130705594	0.000000000000
0.006488078294	-0.999792084592	0.000189734975	0.000000000000	0.070547725924	-0.076700426505	0.000000000000
0.006962464904	-0.999761947612	0.000150591197	0.000000000000	0.056033940269	-0.087918418420	0.000000000000
0.007436851514	-0.999739233080	0.000106768473	0.000000000000	0.039727811139	-0.096419468263	0.000000000000
0.007911238125	-0.999724570105	0.000059604537	0.000000000000	0.022156915732	-0.101916283937	0.000000000000
0.008385624735	-0.999718365088	0.000010559458	0.000000000000	0.003911704085	-0.104249697882	0.000000000000
0.008860011345	-0.999720855177	-0.000038820125	0.000000000000	-0.014436240366	-0.103345567356	0.000000000000
0.009335766032	-0.999732036756	-0.000087028885	0.000000000000	-0.032436813536	-0.099163752595	0.000000000000
0.009811520720	-0.999751541482	-0.000132628355	0.000000000000	-0.049365098609	-0.091877511803	0.000000000000
0.010287275407	-0.999778734134	-0.000174152388	0.000000000000	-0.064692881817	-0.081728755972	0.000000000000
0.010763030094	-0.999812753032	-0.000210142306	0.000000000000	-0.077980768623	-0.069033767910	0.000000000000
0.011238784781	-0.999852530787	-0.000239466252	0.000000000000	-0.088816682049	-0.054190719129	0.000000000000
0.011714539469	-0.999896821789	-0.000261320980	0.000000000000	-0.096858929172	-0.037691027522	0.000000000000
0.012190294156	-0.999944237856	-0.000275108726	0.000000000000	-0.101887218260	-0.020098270669	0.000000000000
0.012666048843	-0.999993293452	-0.000280381779	0.000000000000	-0.103765009058	-0.001958369599	0.000000000000
0.013153236942	-1.000043536305	-0.000276763465	0.000000000000	-0.102337039116	0.016691136509	0.000000000000
0.013640425040	-1.000092411888	-0.000264220851	0.000000000000	-0.097610006363	0.034705830395	0.000000000000
0.014127613139	-1.000138304943	-0.000243192049	0.000000000000	-0.089758561246	0.051520195588	0.000000000000
0.014614801237	-1.000179568518	-0.000214344546	0.000000000000	-0.079039779625	0.066651563098	0.000000000000
0.015101989336	-1.000214871900	-0.000178608748	0.000000000000	-0.065793127411	0.079628789446	0.000000000000
0.015589177434	-1.000243203671	-0.000137150027	0.000000000000	-0.050462007642	0.090036068810	0.000000000000
0.016076365533	-1.000263740036	-0.000091311477	0.000000000000	-0.033581592671	0.097569356314	0.000000000000
0.016563553631	-1.000275788557	-0.000042559615	0.000000000000	-0.015677644175	0.102002879454	0.000000000000
0.017058331673	-1.000278882111	0.000008230780	0.000000000000	0.003085346460	0.103157660258	0.000000000000
0.017553109716	-1.000272751946	0.000058894353	0.000000000000	0.021702489134	0.100914606584	0.000000000000
0.018047887758	-1.000257601035	0.000107716026	0.000000000000	0.039580810097	0.095350510095	0.000000000000
0.018542665800	-1.000233866199	0.000152898184	0.000000000000	0.056192496052	0.086637833184	0.000000000000
0.019037443842	-1.000202300898	0.000192930168	0.000000000000	0.070996785681	0.075035723311	0.000000000000
0.019532221885	-1.000163952646	0.000226595735	0.000000000000	0.083486128683	0.060924807354	0.000000000000
0.020026999927	-1.000120092602	0.000252841116	0.000000000000	0.093251802260	0.044807572535	0.000000000000
0.020521777969	-1.000072154880	0.000270726272	0.000000000000	0.099964174985	0.027196140501	0.000000000000
0.021011706675	-1.000022315793	0.000279513268	0.000000000000	0.103342094739	0.008727612817	0.000000000000
0.021501635382	-0.999971512475	0.000279215536	0.000000000000	0.103332948760	-0.010036139951	0.000000000000
0.021991564088	-0.999921457976	0.000269816005	0.000000000000	0.099925096461	-0.028489972131	0.000000000000
0.022481492794	-0.999873981588	0.000251526681	0.000000000000	0.093217195242	-0.046076504223	0.000000000000
0.022971421500	-0.999830669569	0.000224907432	0.000000000000	0.083398597780	-0.062211506343	0.000000000000
0.023461350206	-0.999792852625	0.000190846519	0.000000000000	0.070790144717	-0.076328319138	0.000000000000
0.023951278912	-0.999761725576	0.000150479693	0.000000000000	0.055853257314	-0.087947186980	0.000000000000
0.024441207618	-0.999738384628	0.000105124634	0.000000000000	0.039075234691	-0.096675378247	0.000000000000
0.024918454178	-0.999723966712	0.000057647452	0.000000000000	0.021379545996	-0.102098168161	0.000000000000
0.025395700737	-0.999718102107	0.000008240253	0.000000000000	0.003034603414	-0.104286378161	0.000000000000
0.025872947296	-0.999720985820	-0.000041496240	0.000000000000	-0.015377576879	-0.103174628020	0.000000000000
0.026350193856	-0.999732609694	-0.000089846475	0.000000000000	-0.033311647177	-0.098808866248	0.000000000000
0.026827440415	-0.999752618817	-0.000135276145	0.000000000000	-0.050200309600	-0.091321395834	0.000000000000
0.027304686974	-0.999780332880	-0.000176447997	0.000000000000	-0.065487659341	-0.080964827536	0.000000000000
0.027781933533	-0.999814837736	-0.000212130668	0.000000000000	-0.078686884489	-0.068121326422	0.000000000000
0.028259180093	-0.999855052408	-0.000241173888	0.000000000000	-0.089394717136	-0.053203517321	0.000000000000
0.028724396699	-0.999898493866	-0.000262164989	0.000000000000	-0.097124912391	-0.037029766802	0.000000000000
0.029189613306	-0.999944932846	-0.000275444072	0.000000000000	-0.101943289588	-0.019826559277	0.000000000000
0.029654829912	-0.999992958153	-0.000280626815	0.000000000000	-0.103727561007	-0.002107289845	0.000000000000
0.030120046519	-1.000041051133	-0.000277494667	0.000000000000	-0.102451751673	0.015634152185	0.000000000000
0.030585263126	-1.000087790382	-0.000266148099	0.000000000000	-0.098162943407	0.032883709539	0.000000000000
0.031050479732	-1.000131869287	-0.000246988527	0.000000000000	-0.091006607050	0.049126302938	0.000000000000
0.031515696339	-1.000172042682	-0.000220629645	0.000000000000	-0.081236205633	0.063885860853	0.000000000000
0.031980912945	-1.000207118896	-0.000187838954	0.000000000000	-0.069142751246	0.076748297111	0.000000000000
0.032440569723	-1.000235711942	-0.000150091465	0.000000000000	-0.055192981352	0.087254727211	0.000000000000
0.032900226501	-1.000257598166	-0.000108034075	0.000000000000	-0.039716098934	0.095255764326	0.000000000000
0.033359883278	-1.000272149757	-0.000062886110	0.000000000000	-0.023146847091	0.100538675188	0.000000000000
0.033819540056	-1.000278869566	-0.000015993476	0.000000000000	-0.005924725517	0.102973562894	0.000000000000
0.034279196834	-1.000277557110	0.000031313019	0.000000000000	0.011477115116	0.102490218785	0.000000000000
0.034738853612	-1.000268298859	0.000077735907	0.000000000000	0.028561766253	0.099102811951	0.000000000000
0.035198510389	-1.000251387339	0.000121984467	0.000000000000	0.044838939516	0.092925702984	0.000000000000
0.035658167167	-1.000227273585	0.000162781890	0.000000000000	0.059857527163	0.084123668653	0.000000000000
0.036117079500	-1.000196695748	0.000198841941	0.000000000000	0.073203133452	0.072901712211	0.000000000000
0.036575991833	-1.000160423031	0.000229343375	0.000000000000	0.084478523658	0.059603164219	0.000000000000
0.037034904166	-1.000119492456	0.000253387440	0.000000000000	0.093362781592	0.044592833015	0.000000000000
0.037493816499	-1.000075103983	0.000270170718	0.000000000000	0.099612702069	0.028265726638	0.000000000000
0.037952728833	-1.000028514705	0.000279181751	0.000000000000	0.103033818860	0.011070785325	0.000000000000
0.038411641166	-0.999981019880	0.000280199035	0.000000000000	0.103510055514	-0.006493037333	0.000000000000
0.038870553499	-0.999933962843	0.000273209522	0.000000000000	0.101030039544	-0.023904035688	0.000000000000
0.039329465832	-0.999888715920	0.000258366789	0.000000000000	0.095648120520	-0.040664046837	0.000000000000
0.039797818738	-0.999845850290	0.000235543767	0.000000000000	0.087260681893	-0.056639174063	0.000000000000
0.040266171644	-0.999807435315	0.000205596360	0.000000000000	0.076232046961	-0.070915145937	0.000000000000
0.040734524549	-0.999774671418	0.000169432486	0.000000000000	0.062887330195	-0.083055604967	0.000000000000
0.041202877455	-0.999748699831	0.000128168690	0.000000000000	0.047605292279	-0.092711941666	0.000000000000
0.041671230361	-0.999730334999	0.000083042723	0.000000000000	0.030838655696	-0.099576631851	0.000000000000
0.042139583267	-0.999720064149	0.000035390813	0.000000000000	0.013115547283	-0.103423700156	0.000000000000
0.042607936173	-0.999718152878	-0.000013355979	0.000000000000	-0.004989138609	-0.104150459239	0.000000000000
0.043076289078	-0.999724695635	-0.000061701918	0.000000000000	-0.022923662783	-0.101734674143	0.000000000000
0.043548283394	-0.999739659021	-0.000108437838	0.000000000000	-0.040334018292	-0.096146104250	0.000000000000
0.044020277709	-0.999762556438	-0.000151949258	0.000000000000	-0.056450637325	-0.087611730632	0.000000000000
0.044492272024	-0.999792658455	-0.000190867451	0.000000000000	-0.070781471822	-0.076407432206	0.000000000000
0.044964266340	-0.999829019901	-0.000223852937	0.000000000000	-0.082924097877	-0.062873761836	0.000000000000
0.045436260655	-0.999870521188	-0.000249890398	0.000000000000	-0.092510947034	-0.047427421954	0.000000000000
0.045908254970	-0.999915895146	-0.000268288907	0.000000000000	-0.099248961979	-0.030567931291	0.000000000000
0.046380249285	-0.999963753318	-0.000278565837	0.000000000000	-0.102964376144	-0.012853760145	0.000000000000
0.046852243601	-1.000012625708	-0.000280392815	0.000000000000	-0.103563316714	0.005177788382	0.000000000000
0.047336939051	-1.000062212425	-0.000273402667	0.000000000000	-0.100889018465	0.023534902552	0.000000000000
0.047821634502	-1.000109852687	-0.000257716983	0.000000000000	-0.095016363399	0.041051351654	0.000000000000
0.048306329953	-1.000153998063	-0.000233868729	0.000000000000	-0.086152280257	0.057186828156	0.000000000000
0.048791025404	-1.000193087771	-0.000202615565	0.000000000000	-0.074578270753	0.071485205250	0.000000000000
0.049275720854	-1.000225879899	-0.000164950972	0.000000000000	-0.060655153979	0.083508479677	0.000000000000
0.049760416305	-1.000251453234	-0.000122076978	0.000000000000	-0.044840216061	0.092878686768	0.000000000000
0.050245111756	-1.000269080139	-0.000075356772	0.000000000000	-0.027671784041	0.099329825845	0.000000000000
0.050729807207	-1.000278170907	-0.000026265524	0.000000000000	-0.009676242993	0.102671834123	0.000000000000
0.051229052242	-1.000278254617	0.000025036338	0.000000000000	0.009244335929	0.102719636359	0.000000000000
0.051728297278	-1.000268996201	0.000075658096	0.000000000000	0.027811147383	0.099338085186	0.000000000000
0.052227542314	-1.000250708665	0.000123859372	0.000000000000	0.045425370700	0.092641355870	0.000000000000
0.052726787350	-1.000223950167	0.000167825061	0.000000000000	0.061561974132	0.082837762443	0.000000000000
0.053226032386	-1.000189585809	0.000206060069	0.000000000000	0.075685654899	0.070224749158	0.000000000000
0.053725277422	-1.000148764161	0.000237394864	0.000000000000	0.087302565439	0.055223262763	0.000000000000
0.054224522458	-1.000102853429	0.000260840681	0.000000000000	0.096030003777	0.038374676366	0.000000000000
0.054723767493	-1.000053382233	0.000275533189	0.000000000000	0.101566245950	0.020223435719	0.000000000000
0.055219152973	-1.000002516014	0.000280870435	0.000000000000	0.103667835927	0.001390195062	0.000000000000
0.055714538452	-0.999951314612	0.000276892017	0.000000000000	0.102303944956	-0.017496545209	0.000000000000
0.056209923931	-0.999901542743	0.000263707524	0.000000000000	0.097507530193	-0.035815267473	0.000000000000
0.056705309410	-0.999855073870	0.000241672077	0.000000000000	0.089422783288	-0.053004008295	0.000000000000
0.057200694889	-0.999813495399	0.000211483137	0.000000000000	0.078288674426	-0.068477267084	0.000000000000
0.057696080368	-0.999778098147	0.000174159245	0.000000000000	0.064480066984	-0.081677816133	0.000000000000
0.058191465847	-0.999750013123	0.000130964616	0.000000000000	0.048512929128	-0.092152245867	0.000000000000
0.058686851326	-0.999730258606	0.000083343535	0.000000000000	0.030920168666	-0.099539079177	0.000000000000
0.059170166488	-0.999719745958	0.000034237363	0.000000000000	0.012637855980	-0.103496287887	0.000000000000
0.059653481650	-0.999718119791	-0.000016099630	0.000000000000	-0.006018592728	-0.104102828084	0.000000000000
0.060136796812	-0.999725436760	-0.000065997646	0.000000000000	-0.024445027599	-0.101345135220	0.000000000000
0.060620111974	-0.999741533640	-0.000113681439	0.000000000000	-0.042087922408	-0.095322328943	0.000000000000
0.061103427136	-0.999765901946	-0.000157603888	0.000000000000	-0.058377052770	-0.086223564270	0.000000000000
0.061586742298	-0.999797712182	-0.000196459448	0.000000000000	-0.072765228802	-0.074362449798	0.000000000000
0.062070057460	-0.999835902760	-0.000229074521	0.000000000000	-0.084791543711	-0.060182389781	0.000000000000
0.062553372622	-0.999879248633	-0.000254371830	0.000000000000	-0.094084599767	-0.044146706889	0.000000000000
0.063025386886	-0.999925164371	-0.000271179668	0.000000000000	-0.100240352788	-0.027093887325	0.000000000000
0.063497401149	-0.999973352635	-0.000279810392	0.000000000000	-0.103324725541	-0.009295830039	0.000000000000
0.063969415413	-1.000022313544	-0.000280016151	0.000000000000	-0.103266902502	0.008706801458	0.000000000000
0.064441429677	-1.000070449039	-0.000271730775	0.000000000000	-0.100094222850	0.026405776092	0.000000000000
0.064913443941	-1.000116302858	-0.000255212467	0.000000000000	-0.093910492144	0.043278036272	0.000000000000
0.065385458204	-1.000158576055	-0.000231022654	0.000000000000	-0.084922471915	0.058809491217	0.000000000000
0.065857472468	-1.000196056720	-0.000199936736	0.000000000000	-0.073446739897	0.072539580394	0.000000000000
0.066329486732	-1.000227602556	-0.000162882434	0.000000000000	-0.059829113618	0.084076324931	0.000000000000
0.066796957813	-1.000252009241	-0.000121432701	0.000000000000	-0.044553939650	0.093023307174	0.000000000000
0.067264428895	-1.000269036258	-0.000076370824	0.000000000000	-0.028019863094	0.099228434771	0.000000000000
0.067731899976	-1.000278180340	-0.000029042111	0.000000000000	-0.010702104249	0.102524266452	0.000000000000
0.068199371058	-1.000279087942	0.000019086873	0.000000000000	0.006930622500	0.102831264700	0.000000000000
0.068666842139	-1.000271719023	0.000066608164	0.000000000000	0.024379657806	0.100134903443	0.000000000000
0.069134313221	-1.000256334391	0.000112189615	0.000000000000	0.041130664781	0.094513035151	0.000000000000
0.069601784302	-1.000233410848	0.000154531941	0.000000000000	0.056689437969	0.086150482398	0.000000000000
0.070069255384	-1.000203588369	0.000192368036	0.000000000000	0.070610077138	0.075277818940	0.000000000000
0.070529570780	-1.000168335529	0.000224067558	0.000000000000	0.082343075355	0.062351828568	0.000000000000
0.070989886176	-1.000128164281	0.000249467597	0.000000000000	0.091739861425	0.047638533275	0.000000000000
0.071450201572	-1.000084230061	0.000267811165	0.000000000000	0.098528828125	0.031544296609	0.000000000000
0.071910516968	-1.000037839272	0.000278458210	0.000000000000	0.102520285360	0.014495500159	0.000000000000
0.072370832364	-0.999990315431	0.000281068748	0.000000000000	0.103580426816	-0.003033622047	0.000000000000
0.072831147760	-0.999942980485	0.000275598428	0.000000000000	0.101660873659	-0.020529074229	0.000000000000
0.073291463156	-0.999897176288	0.000262218191	0.000000000000	0.096821691414	-0.037468266785	0.000000000000
0.073751778552	-0.999854251230	0.000241269687	0.000000000000	0.089185776215	-0.053361413658	0.000000000000
0.074211702979	-0.999815562602	0.000213372527	0.000000000000	0.078917616303	-0.067765883169	0.000000000000
0.074671627406	-0.999782048053	0.000179255549	0.000000000000	0.066349086806	-0.080212819922	0.000000000000
0.075131551833	-0.999754715955	0.000139916503	0.000000000000	0.051840036412	-0.090333710385	0.000000000000
0.075591476260	-0.999734488194	0.000096534422	0.000000000000	0.035790373905	-0.097845885572	0.000000000000
0.076051400687	-0.999721978246	0.000050365947	0.000000000000	0.018661829369	-0.102517129694	0.000000000000
0.076511325114	-0.999717492814	0.000002723427	0.000000000000	0.000973868012	-0.104199069075	0.000000000000
0.076971249541	-0.999721122930	-0.000045020303	0.000000000000	-0.016726321912	-0.102858548706	0.000000000000
0.077431173967	-0.999732790438	-0.000091455543	0.000000000000	-0.033919845697	-0.098536203821	0.000000000000
0.077897412438	-0.999752478003	-0.000135722067	0.000000000000	-0.050364964595	-0.091196169438	0.000000000000
0.078363650909	-0.999779499461	-0.000176029472	0.000000000000	-0.065254352714	-0.081148735811	0.000000000000
0.078829889379	-0.999813020746	-0.000211149888	0.000000000000	-0.078148059393	-0.068707435632	0.000000000000
0.079296127850	-0.999852009835	-0.000239910514	0.000000000000	-0.088695133761	-0.054238033540	0.000000000000
0.079762366321	-0.999895299622	-0.000261453977	0.000000000000	-0.096587909631	-0.038173622125	0.000000000000
0.080228604791	-0.999941613616	-0.000275236634	0.000000000000	-0.101596619384	-0.021016090075	0.000000000000
0.080694843262	-0.999989581684	-0.000280922943	0.000000000000	-0.103605889695	-0.003310010464	0.000000000000
0.081161081732	-1.000037773035	-0.000278334094	0.000000000000	-0.102574671929	0.014425002812	0.000000000000
0.081642267998	-1.000086146832	-0.000267062728	0.000000000000	-0.098326551442	0.032278913984	0.000000000000
0.082123454264	-1.000131858088	-0.000247451796	0.000000000000	-0.091029381087	0.049040032675	0.000000000000
0.082604640530	-1.000173453288	-0.000220147275	0.000000000000	-0.080928160169	0.064203278438	0.000000000000
0.083085826796	-1.000209490099	-0.000186011619	0.000000000000	-0.068332611283	0.077348610072	0.000000000000
0.083567013062	-1.000238845764	-0.000146108976	0.000000000000	-0.053627096737	0.088081843444	0.000000000000
0.084048199328	-1.000260717431	-0.000101678902	0.000000000000	-0.037282703562	0.096073874858	0.000000000000
0.084529385594	-1.000274501537	-0.000054100706	0.000000000000	-0.019838413866	0.101106828075	0.000000000000
0.085010571860	-1.000279739391	-0.000004850555	0.000000000000	-0.001818277320	0.103035643124	0.000000000000
0.085510436103	-1.000275912703	0.000046336859	0.000000000000	0.017024492711	0.101650195781	0.000000000000
0.086010300346	-1.000262823135	0.000096137793	0.000000000000	0.035258390528	0.096878709032	0.000000000000
0.086510164590	-1.000240913140	0.000142841625	0.000000000000	0.052296166728	0.088878717972	0.000000000000
0.087010028833	-1.000210875445	0.000184681620	0.000000000000	0.067630449826	0.077896041411	0.000000000000
0.087509893077	-1.000173684519	0.000220232090	0.000000000000	0.080750117679	0.064266215314	0.000000000000
0.088009757320	-1.000130573016	0.000248412379	0.000000000000	0.091194281898	0.048444817063	0.000000000000
0.088509621564	-1.000082979510	0.000268338446	0.000000000000	0.098621400956	0.030999264024	0.000000000000
0.089009485807	-1.000032493837	0.000279262824	0.000000000000	0.102771037681	0.012494669882	0.000000000000
0.089510702680	-0.999980791380	0.000280712301	0.000000000000	0.103437263335	-0.006634844181	0.000000000000
0.090011919553	-0.999929472801	0.000272645352	0.000000000000	0.100572079381	-0.025542060328	0.000000000000
0.090513136426	-0.999880348953	0.000255318700	0.000000000000	0.094259997126	-0.043591261033	0.000000000000
0.091014353299	-0.999835329703	0.000229252872	0.000000000000	0.084696659735	-0.060219854184	0.000000000000
0.091515570172	-0.999795990287	0.000195299641	0.000000000000	0.072176842853	-0.074845605124	0.000000000000
0.092016787045	-0.999763563338	0.000154618940	0.000000000000	0.057135128297	-0.086927246411	0.000000000000
0.092518003917	-0.999739094934	0.000108611847	0.000000000000	0.040146004833	-0.096046938348	0.000000000000
0.093019220790	-0.999723503058	0.000058856230	0.000000000000	0.021790150035	-0.101883053346	0.000000000000
0.093509579796	-0.999717446630	0.000008300487	0.000000000000	0.002989063179	-0.104172536464	0.000000000000
0.093999938802	-0.999720592433	-0.000042675020	0.000000000000	-0.015867195325	-0.103004510065	0.000000000000
0.094490297807	-0.999732832989	-0.000092332672	0.000000000000	-0.034153842438	-0.098426414280	0.000000000000
0.094980656813	-0.999753822010	-0.000138840611	0.000000000000	-0.051313334764	-0.090598549804	0.000000000000
0.095471015819	-0.999782874484	-0.000180650638	0.000000000000	-0.066777178086	-0.079774991922	0.000000000000
0.095961374824	-0.999818994024	-0.000216508388	0.000000000000	-0.080013821641	-0.066338147522	0.000000000000
0.096451733830	-0.999860956571	-0.000245321199	0.000000000000	-0.090598564368	-0.050799038525	0.000000000000
0.096942092836	-0.999907379533	-0.000266109024	0.000000000000	-0.098201400419	-0.033675395233	0.000000000000
0.097324331231	-0.999945671258	-0.000276282130	0.000000000000	-0.101879161566	-0.019525326332	0.000000000000
0.097706569627	-0.999984997807	-0.000280985852	0.000000000000	-0.103527589795	-0.005026156594	0.000000000000
0.098088808022	-1.000024572466	-0.000280136761	0.000000000000	-0.103124109088	0.009532970684	0.000000000000
0.098471046418	-1.000063592485	-0.000273746060	0.000000000000	-0.100686759529	0.023869784533	0.000000000000
0.098853284813	-1.000101288942	-0.000261950469	0.000000000000	-0.096272247431	0.037705308529	0.000000000000
0.099235523209	-1.000136936410	-0.000245005172	0.000000000000	-0.089977474531	0.050769258560	0.000000000000
0.099617761604	-1.000169847550	-0.000223261142	0.000000000000	-0.081937823290	0.062808902109	0.000000000000
0.100000000000	-1.000199377758	-0.000197149217	0.000000000000	-0.072315475381	0.073595865014	0.000000000000
